%YAML:1.0
---
camera_matrix: !!opencv-matrix
   rows: 3
   cols: 3
   dt: d
   data: [ 2321.0051237721559, 0., 947.70051641934913, 0.,
       2289.108475185189, 389.18386991860928, 0., 0., 1. ]
dist_coeffs: !!opencv-matrix
   rows: 1
   cols: 5
   dt: d
   data: [ -0.15752419282753313, 1.5206820067312865,
       -0.011445061213888382, -0.0018322341524490745,
       -4.2583571455366291 ]
