%YAML:1.0
---
camera_matrix: !!opencv-matrix
   rows: 3
   cols: 3
   dt: d
   data: [ 2263.1394768847313, 0., 947.95262420176698, 0.,
       2265.1376905235338, 526.96208407286565, 0., 0., 1. ]
dist_coeffs: !!opencv-matrix
   rows: 1
   cols: 5
   dt: d
   data: [ -0.16221246644250861, 1.5030606882628217,
       -0.00027610317175873103, 0.00020781143534621572,
       -4.1092248272014658 ]
